gross 10,000      833          384           192         38.46      4.80   gross  A
gross 15,000      1250         576           288         57.69      7.21   gross  B
gross 20,000      1666         769           384         76.92      9.61   gross  C
gross 25,000      2083         961           480         96.15      12.01  gross  D
gross 30,000      2500         1153          576         115.38     14.42  gross  E
gross 35,000      2916         1346          673         134.61     16.82  gross  F
gross 40,000      3333         1538          769         153.84     19.23  gross  G
gross 45,000      3750         1730          865         173.07     21.63  gross  H
gross 50,000      4166         1923          961         192.30     24.03  gross  I
gross 55,000      4583         2215          10577       211.53     26.44  gross  J
gross 60,000      5000         2307          11533       230.76     28.84  gross  K 
gross 65,000      5416         2500          12500       250.00     31.25  gross  L 
gross 70,000      5833         2692          13466       269.23     33.65  gross  M 
gross 75,000      6250         2884          14422       288.46     36.05  gross  N 
gross 80,000      6666         3076          15388       307.69     38.46  gross  O 
gross 85,000      7083         3269          16344       326.92     40.86  gross  P
gross 90,000      7500         3461          17300       346.15     43.26  gross  Q
gross 95,000      7916         3653          18266       365.38     45.67  gross  R
gross 100,000     8333         3846          19233       384.61     48.07  gross  S
gross 125,000     10416        4807          24033       480.76     60.09  gross  T
gross 150,000     12500        5769          28844       576.92     72.11  gross  U
gross 175,000     14583        6730          33655       673.07     84.13  gross  V
gross 200,000     16666        7692          38466       769.23     96.15  gross  W
gross 225,000     18750        8653          43266       865.38     108.17 gross  X
gross 250,000     20833        9615          48077       961.53     120.19 gross  Y
gross 275,000     22916        10576         52888       1057.69    132.21 gross  Z
gross 300,000     25000        11538         57699       1153.84    144.23 gross  AA
gross 400,000     33333        15384         76922       1538.46    192.30 gross  AE
gross 500,000     41666        19230         96155       1923.07    240.38 gross  AI
gross 750,000     62500        28846         144223      2884.61    360.57 gross  AS
gross 1,000,000   83333        38461         192330      3846.15    480.76 gross  AAC
