net   9,035       752          347           173         34.75      4.34   net    A
net   13,552      1129         521           260         52.12      6.51   net    B
net   18,070      1505         695           347         69.50      8.68   net    C
net   22,588      1882         868           434         86.87      10.85  net    D
net   27,105      2258         1042          521         104.25     13.03  net    E
net   31,123      2593         1197          598         119.70     14.96  net    F
net   35,140      2928         1351          675         135.15     16.89  net    G
net   39,157      3263         1506          753         159.60     18.82  net    H
net   43,175      3597         1660          830         166.05     20.75  net    I
net   47,169      3930         1814          907         181.41     22.67  net    J
net   51,087      4257         1964          982         196.48     24.56  net    K
net   55,005      4583         2115          1057        211.55     26.44  net    L
net   58,922      4910         2266          1133        226.62     28.32  net    M
net   62,839      5236         2416          1208        241.68     30.21  net    N
net   66,757      5563         2567          1283        256.75     32.09  net    O
net   70,675      5889         2718          1359        271.82     33.97  net    P
net   74,592      6215         2868          1434        286.89     35.86  net    Q
net   78,510      6542         3019          1509        301.96     37.74  net    R
net   82,427      6868         3170          1585        317.02     39.62  net    S
net   93,690      7807         3603          1801        360.34     45.04  net    T
net   119,297     9941         4588          2294        458.83     57.35  net    U
net   126,865     10572        4879          2439        487.94     60.99  net    V
net   153,472     12789        5902          2951        590.27     73.78  net    W
net   170,559     14213        6559          3279        655.99     81.99  net    X
net   187,381     15615        7206          3603        720.69     90.08  net    Y
net   203,968     16997        7844          3922        784.49     98.06  net    Z
net   220,556     18379        8482          4241        848.29     106.03 net    AA
net   286,906     23908        11034         5517        1103.48    137.93 net    AE
net   347,224     28935        13354         6677        1335.47    166.93 net    AI
net   486,530     40544        18712         9356        1871.26    233.90 net    AS
net   620,538     51711        23866         11933       2386.68    298.33 net    AAC
